30 25
30 2
78 43
8 18
14 60
50 77
12 16
79 93
61 26
6 90
51 27
63 34
82 48
72 58
93 56
21 85
75 77
22 24
63 62
38 2
50 69
32 17
49 23
54 0
38 36
37 91
15 42
61 33
11 53
6 87
98 52
71 40
74 57
15 54
36 64
61 88
94 67
59 20
32 79
56 76
23 37
34 10
39 76
84 24
68 29
90 50
84 31
52 39
47 94
81 53
51 75
37 32
86 64
41 98
66 20
79 22
88 77
39 61
2 57
30 70
66 44
73 93
46 65
28 63
61 66
17 92
80 63
69 8
69 53
43 56
98 99
19 93
75 86
70 63
21 6
26 3
7 6
73 20
17 90
87 73
6 10
86 58
5 76
27 96
55 66
37 30
71 54
50 32
32 35
52 79
56 58
45 17
18 94
9 69
29 5
61 10
44 91
46 19
84 61
5 57